-2.85
-2.85
-2.85
-2.85
-2.85
-2.85
-2.9
-3.0
-3.0
-3.2
-3.2
-3.2
-3.65
-3.65
-3.75
-4.05
-4.1
-4.45
-4.6
-4.8
-5.05
-5.2
-5.65
-5.95
-6.0
-6.65
-6.85
-7.3
-7.6
-8.0
-8.4
-9.25
-9.4
-10.05
-10.5
-10.8
-11.6
-12.4
-12.8
-13.25
-14.05
-14.65
-15.25
-15.65
-16.0
-17.25
-17.4
-18.0
-19.65
-20.4
-21.65
-23.65
-24.4
-25.15
-26.45
-27.6
-27.45
-28.8
-28.45
-28.05
-28.75
-29.25
-28.45
-28.8
-28.8
-28.05
-27.6
-27.5
-26.45
-26.85
-26.15
-26.45
-25.2
-25.4
-25.15 
-24.85
-24.85
-24.25
-24.4
-24.35
-24.1
-24.85
-24.9
-24.4
-24.85
-25.2
-24.9 
-25.6
-25.2
-25.2
-25.6
-26.15
-26.85
-26.45
-26.9
-27.6
-25.6
-25.15
-25.6
-25.6
-26.2
-25.7
-26.45
-27.45
-28.05
-26.85
-27.2 
-24.9
-25.6
-25.05
-25.05
-25.2
-25.6
-25.2
-25.2
-25.85
-25.55
-24.85 
-25.6
-25.65
-25.6
-25.55
-25.8
-26.45
-26.85
-26.95
-27.0
-28.45
-28.25
-29.0
-28.6
-29.05
-29.3
-29.7
-30.0
-30.0
-29.7
-29.95 
-30.0
-29.95
-29.9
-29.65
-29.7
-30.0
-29.95
-29.7
-29.7
-29.7
-29.65 
-29.65
-29.3
-29.7
-28.75
-28.05
-28.1
-27.2
-26.85
-26.45
-26.05
-24.9
-24.4
-24.6
-23.65
-23.65
-23.65
-21.15
-21.2
-21.05
-20.4 
-20.4
-19.7
-19.65
-19.2
-18.65
-18.65
-18.75
-18.5
-18.0
-18.0
-18.0
-18.0
-17.85
-17.6
-18.0
-18.0
-18.0
-18.0
-18.0
-18.5
-18.8
-19.05
-19.45
-20.1
-21.15
-22.05
-23.25
-24.35
-24.85
-25.15 
-26.85
-27.05
-27.2
-28.05
-28.8
-29.05
-28.6
-29.25
-29.85
-29.9
-29.65
-30.0 
-29.65
-29.25
-29.65
-29.25
-28.6
-28.2
-28.05
-27.8
-27.3
-27.0
-27.5
-27.2
-26.45
-25.2
-25.2
-25.2
-24.85
-24.85
-24.85
-24.9 
-25.2
-24.9
-24.85
-25.15
-25.0
-25.2
-26.1
-25.85
-26.85
-25.85
-26.45
-26.5
-26.05
-26.85
-26.05
-26.85
-27.0
-28.1
-27.2
-28.05
-27.3
-27.6
-27.6
-28.45
-28.5
-28.8
-29.65
-29.05
-29.65 
-29.65
-29.95
-30.0
-30.0
-30.0
-30.0
-30.0
-30.0
-29.9
-30.0
-30.0
-30.0
-29.95 
-30.0
-29.95
-28.45
-29.7
-29.85
-29.7
-29.85
-29.9
-29.9
-29.95
-30.0
-29.85
-30.0
-29.85
-30.0
-30.0
-30.0
-29.65
-29.4
-29.65
-29.65
-29.65
-28.6
-29.4
-29.25
-29.3
-27.7
-26.85
-26.05
-25.85
-22.9 
-22.05
-21.1
-20.4
-19.65
-18.45
-17.55
-17.25
-17.25
-15.65
-14.8
-14.35
-14.05
-13.25
-12.4
-12.05
-10.8
-10.8
-10.45
-9.6
-9.25
-8.85
-8.35
-7.6
-7.55
-7.25
-6.85
-6.4
-6.0
-5.85
-5.65
-5.2 
-5.15
-4.8
-4.5
-4.4
-4.25
-4.1
-4.05
-4.05
-3.65
-3.65
-3.45
-3.2
-3.1
-2.95
-2.85
-2.9
-2.85
-2.85 
-2.85
-2.85
-2.85
-2.85
-2.85
-2.85
-2.85 