-3.2
-3.2
-3.2
-3.2
-3.65
-3.65
-3.65
-3.7
-4.05
-4.05 
-4.05
-4.05
-4.25
-4.4
-4.6
-4.7 
-4.8
-5.15
-5.65
-5.65
-5.95
-6.0
-6.4
-6.85
-7.25
-7.45
-7.6
-8.35
-8.85
-9.25
-9.55
-10.1
-10.45
-10.8
-10.8
-11.6
-12.05
-12.4
-13.25
-14.05
-14.35
-14.8
-14.8
-17.25
-17.25
-17.25 
-17.25
-18.75
-18.8
-19.2
-19.2
-20.25
-21.0
-21.05
-22.05
-23.25
-23.85
-24.1
-24.25
-25.15
-26.45
-26.45 
-27.2
-28.45
-26.1
-28.45
-27.45
-27.6
-28.1
-27.2
-27.0
-27.2
-27.6
-27.2
-27.3
-27.6
-26.2 
-27.45
-28.45
-27.2
-27.45
-28.45
-26.45
-27.6
-28.25
-28.6
-27.45
-27.15
-27.45
-27.6
-28.45
-28.8
-28.7
-29.65
-29.25
-29.65 
-29.35
-29.05
-29.65
-28.8
-28.9
-29.3
-28.7
-29.05
-28.45
-28.3
-28.45
-28.5 
-27.45
-27.6
-28.45
-27.8
-27.2
-28.45
-27.0
-24.35
-26.45
-25.2
-25.05
-24.85
-25.1
-24.25
-25.2
-27.2
-23.95
-24.9
-24.4
-25.2 
-26.1
-27.0
-27.0
-27.2
-28.05
-27.2
-27.5
-27.15
-27.0
-26.85
-26.85 
-27.2
-26.85
-27.0
-26.85
-26.85
-26.05
-26.45
-26.45
-27.6
-27.6
-26.9
-27.0
-27.55
-28.8
-27.15
-28.45
-28.8
-29.25
-27.6
-28.05
-28.05
-28.45
-28.5
-28.5
-28.25
-28.5
-28.5
-27.5
-28.05
-27.45
-26.85 
-26.05
-25.2
-25.2
-25.1
-24.4
-23.65
-23.65
-24.1
-22.4
-22.05
-21.2
-22.85
-21.2
-20.8
-20.8
-20.25
-20.05
-19.65
-19.65 
-20.05
-19.2
-19.2
-19.2
-19.45
-19.75
-19.2
-20.25
-19.4
-20.4
-21.65
-20.25 
-21.15
-21.65
-22.4
-21.65
-22.85
-23.65
-22.85
-24.4
-23.65
-22.65
-22.85
-23.25
-23.65
-24.1
-24.85
-23.75
-23.8
-24.85 
-24.85
-26.85
-26.1
-26.45
-25.4
-26.45
-25.55
-27.3
-26.05
-25.05
-28.05
-26.05
-28.05 
-27.2
-27.6
-28.05
-27.6
-27.6
-28.45
-29.05
-28.25
-28.5
-28.6
-28.6
-28.45
-27.2
-28.45
-28.25
-28.6
-27.6
-28.25 
-27.6
-28.45
-28.25
-27.6
-28.05
-28.5
-28.8
-26.45
-27.45
-28.45
-27.0
-27.45
-27.2 
-26.85
-28.05
-26.85
-26.85
-27.6
-26.85
-26.45
-26.45
-25.05
-24.85
-25.15
-25.15
-25.85
-25.2
-24.9
-24.4
-23.65
-24.35
-24.25
-24.85
-25.05
-24.4
-24.0
-23.8
-24.3
-24.0
-24.0
-23.65
-23.65
-23.65
-23.65 
-24.0
-23.65
-22.3
-21.2
-20.8
-20.4
-20.9
-20.25
-18.8
-18.45
-17.85
-17.5
-17.25
-17.25
-15.8
-15.65
-15.25
-14.8
-14.35
-14.05 
-13.4
-12.8
-12.4
-12.05
-10.8
-10.8
-10.65
-10.1
-9.6
-9.25
-9.25 
-8.4
-8.3
-7.6
-7.6
-7.3
-7.25
-6.85
-6.4
-6.0
-6.0
-5.7
-5.65
-5.2
-5.15
-4.8
-4.6
-4.45
-4.35 
-4.25
-4.1
-4.05
-4.05
-4.05
-3.7
-3.7
-3.65
-3.45
-3.65
-3.65
-3.65
-3.65 
-3.65
-3.65
-3.65
-3.2 
