-1.2000000000000002
-1.2000000000000002
-1.5999999999999996
-0.5999999999999996
-0.75
-0.75
-0.5999999999999996
-0.7000000000000002
-0.5999999999999996
-0.5999999999999996
-0.2999999999999998
-0.34999999999999964
0.0
0.0
-0.2999999999999998
-0.34999999999999964
-0.34999999999999964
-0.04999999999999982
-0.15000000000000036
-0.2999999999999998
-0.25
-0.15000000000000036
-0.25
-0.34999999999999964
-0.75
-1.2000000000000002
-1.2000000000000002
-0.75
-1.2000000000000002
-1.5999999999999996
-1.5999999999999996
-1.5999999999999996
-1.5999999999999996
-1.5999999999999996
-1.6500000000000004
-1.9500000000000002
-1.9500000000000002
-1.75
-2.4000000000000004
-2.8000000000000007
-2.8000000000000007
-2.8000000000000007
-3.0500000000000007
-3.3499999999999996
-3.8000000000000007
-3.3499999999999996
-3.5500000000000007
-3.8499999999999996
-4.6
-4.6
-4.75
-4.699999999999999
-4.75
-5.1
-5.4
-5.6
-5.75
-6.300000000000001
-6.35
-6.35
-7.0
-7.6
-8.0
-8.15
-8.35
-9.2
-9.2
-9.25
-10.35
-10.35
-10.8
-11.149999999999999
-11.5
-11.5
-12.399999999999999
-12.8
-12.8
-13.399999999999999
-13.5
-14.0
-14.75
-14.399999999999999
-16.0
-16.0
-16.6
-16.0
-16.0
-16.0
-16.6
-17.55
-18.8
-19.0
-18.45
-17.95
-17.5
-17.2
-16.75
-16.6
-16.2
-16.3
-16.3
-16.0
-14.55
-14.0
-14.399999999999999
-14.0
-13.55
-13.399999999999999
-13.399999999999999
-12.8
-11.149999999999999
-11.149999999999999
-10.35
-10.35
-9.55
-9.55
-9.2
-9.55
-9.2
-8.35
-8.15
-7.6
-6.35
-6.35
-6.0
-5.15
-4.75
-4.4
-3.9499999999999993
-3.9499999999999993
-4.6
-3.9000000000000004
-3.5500000000000007
-3.5500000000000007
-3.3499999999999996
-3.1999999999999993
-3.3000000000000007
-3.8000000000000007
-3.0
-2.8000000000000007
-2.45
-1.8499999999999996
-2.4000000000000004
-1.9500000000000002
-1.75
-1.9000000000000004
-1.5999999999999996
-1.6500000000000004
-1.5999999999999996
-1.5999999999999996
-1.2000000000000002
-1.5999999999999996
-1.2000000000000002
-1.2000000000000002
-1.2000000000000002
-1.2000000000000002
-1.2000000000000002
-1.2000000000000002
-1.2000000000000002
-0.5999999999999996
-0.75
-0.34999999999999964
-0.75
-0.75
-1.2000000000000002
-1.2000000000000002
-0.75
-1.2000000000000002
-0.75
-0.75
-1.2000000000000002
-0.75
-1.75
-1.5999999999999996
-1.6500000000000004
-1.7000000000000002
-1.5999999999999996
-1.5999999999999996
-1.9500000000000002
-1.75
-1.75
-1.9500000000000002
-2.4000000000000004
-2.4000000000000004
-2.4000000000000004
-2.4000000000000004
-2.4000000000000004
-2.4000000000000004
-2.4000000000000004
-1.9500000000000002
-1.9500000000000002
-2.8000000000000007
-2.8000000000000007
-2.4000000000000004
-2.8000000000000007
-1.9500000000000002
-1.75
-2.4000000000000004
-2.8000000000000007
-2.4000000000000004
-2.4000000000000004
-2.8000000000000007
-2.8000000000000007
-2.8000000000000007
-2.45
-2.8499999999999996
-3.0
-3.5500000000000007
-3.5500000000000007
-3.5500000000000007
-3.9499999999999993
-4.4
-4.75
-4.4
-4.75
-4.75
-4.4
-4.449999999999999
-4.75
-4.75
-4.75
-5.15
-5.6
-6.0
-6.0
-6.199999999999999
-6.35
-7.15
-7.15
-7.15
-8.0
-8.25
-8.85
-8.85
-9.2
-9.4
-9.55
-10.35
-10.899999999999999
-11.149999999999999
-12.0
-12.8
-12.8
-12.95
-13.55
-14.399999999999999
-14.7
-16.0
-16.0
-16.0
-17.55
-18.4
-19.15
-19.15
-22.75
-21.15
-22.55
-23.9
-24.75
-24.75
-24.75
-24.75
-24.75
-24.75
-22.95
-24.75
-24.75
-24.75
-24.75
-22.75
-24.75
-22.75
-23.8
-18.2
-19.0
-19.9
-19.8
-18.8
-17.95
-16.6
-16.0
-16.0
-14.7
-14.399999999999999
-14.0
-13.149999999999999
-13.399999999999999
-13.25
-12.8
-12.8
-11.55
-11.149999999999999
-11.100000000000001
-10.8
-11.05
-10.850000000000001
-10.35
-9.55
-9.2
-9.2
-8.8
-8.8
-8.6
-9.2
-8.8
-8.05
-8.0
-7.6
-8.0
-7.1
-7.15
-6.35
-6.35
-6.35
-6.35
-6.050000000000001
-6.199999999999999
-6.0
-6.0
-6.0
-6.0
-6.0
-5.6
-5.4
-4.75
-4.699999999999999
-4.449999999999999
-4.4
-4.4
-3.9000000000000004
-3.8000000000000007
-3.1999999999999993
-3.1500000000000004
-3.0
-2.8000000000000007
-2.4000000000000004
-2.4000000000000004
-1.9500000000000002
-1.9000000000000004
-1.75
-1.75
-1.6500000000000004
-1.5999999999999996
-1.5999999999999996
-1.5999999999999996
-1.2000000000000002
-1.2000000000000002
-1.2000000000000002
-1.5999999999999996
-1.5999999999999996
-1.2000000000000002
-1.2000000000000002
-0.75
-0.75
-0.75
-0.5999999999999996
-0.5999999999999996
-0.5999999999999996
-0.7000000000000002
-0.5999999999999996
