-2.0500000000000007
-2.0500000000000007
-2.0500000000000007
-2.450000000000001
-2.5
-2.0500000000000007
-2.0500000000000007
-2.0500000000000007
-2.450000000000001
-2.450000000000001
-2.8499999999999996
-2.450000000000001
-2.6500000000000004
-3.200000000000001
-3.0
-2.450000000000001
-2.450000000000001
-3.0
-2.450000000000001
-3.200000000000001
-3.0
-2.9000000000000004
-3.1500000000000004
-2.9000000000000004
-3.5500000000000007
-3.200000000000001
-2.6500000000000004
-3.0
-2.6500000000000004
-2.0500000000000007
-2.9000000000000004
-2.0500000000000007
-1.8500000000000005
-2.450000000000001
-2.0500000000000007
-2.0500000000000007
-1.6000000000000005
-1.6000000000000005
-1.6000000000000005
-2.0500000000000007
-2.0500000000000007
-2.0500000000000007
-1.8500000000000005
-1.6000000000000005
-1.6000000000000005
-1.6000000000000005
-1.6000000000000005
-1.4000000000000004
-1.6000000000000005
-1.6000000000000005
-1.6000000000000005
-1.8500000000000005
-2.0500000000000007
-1.6000000000000005
-1.6000000000000005
-1.6000000000000005
-1.6000000000000005
-1.5500000000000007
-1.6000000000000005
-1.6000000000000005
-1.6000000000000005
-1.6000000000000005
-1.5500000000000007
-1.5500000000000007
-1.6000000000000005
-2.0500000000000007
-1.8500000000000005
-2.0500000000000007
-2.0500000000000007
-2.0500000000000007
-2.1000000000000005
-2.0500000000000007
-2.0500000000000007
-2.1500000000000004
-2.1000000000000005
-2.6500000000000004
-2.75
-2.450000000000001
-2.450000000000001
-2.450000000000001
-2.450000000000001
-3.0
-3.0500000000000007
-2.6500000000000004
-2.5
-2.450000000000001
-2.5
-2.6500000000000004
-2.450000000000001
-2.450000000000001
-3.1500000000000004
-2.0500000000000007
-3.0
-2.9000000000000004
-2.6500000000000004
-2.75
-2.5999999999999996
-2.0500000000000007
-2.0500000000000007
-1.6000000000000005
-2.1000000000000005
-2.0500000000000007
-2.1000000000000005
-2.0500000000000007
-2.450000000000001
-2.0500000000000007
-2.450000000000001
-2.450000000000001
-2.0500000000000007
-2.450000000000001
-2.450000000000001
-2.450000000000001
-2.450000000000001
-2.450000000000001
-2.1000000000000005
-2.450000000000001
-2.450000000000001
-2.450000000000001
-2.450000000000001
-2.450000000000001
-2.450000000000001
-2.0500000000000007
-2.450000000000001
-2.450000000000001
-2.450000000000001
-2.450000000000001
-2.450000000000001
-2.450000000000001
-2.450000000000001
-2.450000000000001
-2.450000000000001
-2.450000000000001
-2.450000000000001
-2.450000000000001
-2.450000000000001
-2.450000000000001
-2.450000000000001
-2.450000000000001
-2.450000000000001
-2.450000000000001
-2.450000000000001
-2.450000000000001
-2.450000000000001
-2.450000000000001
-2.6500000000000004
-2.450000000000001
-2.5
-2.450000000000001
-2.450000000000001
-2.5
-2.6500000000000004
-2.6500000000000004
-2.6500000000000004
-2.5
-2.5
-2.450000000000001
-2.450000000000001
-2.5
-2.450000000000001
-2.450000000000001
-2.450000000000001
-2.1000000000000005
-2.0500000000000007
-2.1000000000000005
-2.0500000000000007
-2.0500000000000007
-2.0500000000000007
-2.0500000000000007
-1.7000000000000002
-1.6000000000000005
-1.6000000000000005
-1.5500000000000007
-1.4000000000000004
-1.4500000000000002
-1.4000000000000004
-1.3000000000000007
-1.3000000000000007
-1.25
-1.25
-1.4000000000000004
-1.4500000000000002
-1.3500000000000005
-1.4000000000000004
-1.3000000000000007
-1.3000000000000007
-1.25
-1.4000000000000004
-1.3000000000000007
-1.25
-1.25
-1.25
-1.25
-1.3000000000000007
-1.3000000000000007
-1.8500000000000005
-1.25
-1.25
-0.8500000000000005
-1.4000000000000004
-1.25
-0.40000000000000036
-0.8500000000000005
-0.40000000000000036
-0.8500000000000005
-1.25
-1.25
-1.3500000000000005
-1.4000000000000004
-1.6000000000000005
-1.6000000000000005
-1.5
-1.6000000000000005
-2.0500000000000007
-2.0500000000000007
-1.6000000000000005
-1.6000000000000005
-1.6000000000000005
-1.5
-1.4000000000000004
-1.3000000000000007
-1.5500000000000007
-1.25
-1.25
-1.25
-1.25
-1.25
-1.3000000000000007
-1.25
-1.25
-1.25
-0.8500000000000005
-1.25
-1.25
-1.25
-0.40000000000000036
-0.8500000000000005
-0.8500000000000005
-0.8500000000000005
-0.8500000000000005
-0.8500000000000005
-0.8500000000000005
-0.8500000000000005
-0.8500000000000005
-0.8500000000000005
-0.8500000000000005
-0.40000000000000036
-0.40000000000000036
-0.40000000000000036
-0.25
-0.35000000000000053
-0.25
-0.25
0.0
-0.25
-0.10000000000000053
-0.25
-0.40000000000000036
-0.35000000000000053
-0.35000000000000053
-0.35000000000000053
-0.40000000000000036
-0.40000000000000036
-0.40000000000000036
-0.40000000000000036
-0.40000000000000036
-0.8500000000000005
-0.8500000000000005
-0.8500000000000005
-0.40000000000000036
-0.40000000000000036
-0.40000000000000036
-0.40000000000000036
-0.40000000000000036
-0.35000000000000053
-0.35000000000000053
-0.40000000000000036
-0.40000000000000036
-0.35000000000000053
-0.40000000000000036
-0.40000000000000036
-0.40000000000000036
-0.40000000000000036
-0.40000000000000036
-0.8500000000000005
-0.8500000000000005
-1.25
-0.8500000000000005
-0.8500000000000005
-1.25
-1.25
-1.25
-1.25
-1.25
-1.25
-1.4000000000000004
-2.0500000000000007
-2.0500000000000007
-2.0500000000000007
-2.0500000000000007
-2.450000000000001
-2.6500000000000004
-2.450000000000001
-3.5
-3.1500000000000004
-2.9000000000000004
-3.200000000000001
-3.5500000000000007
-4.050000000000001
-4.1
-3.5500000000000007
-4.4
-3.200000000000001
-3.5999999999999996
-3.5999999999999996
-4.050000000000001
-3.5500000000000007
-2.9000000000000004
-2.5
-3.5999999999999996
-2.8000000000000007
-3.200000000000001
-2.8499999999999996
-2.450000000000001
-2.1000000000000005
-1.6000000000000005
-1.3000000000000007
-1.4000000000000004
-1.25
-1.25
-1.25
-0.8500000000000005
-0.8500000000000005
-0.40000000000000036
-0.40000000000000036
-0.40000000000000036
-0.35000000000000053
-0.25
-0.25
-0.25
0.0
-0.25
-0.20000000000000018
-0.40000000000000036
-0.40000000000000036
-0.40000000000000036
-0.25
-0.25
-0.25
-0.40000000000000036
-0.35000000000000053
0.0
-0.8500000000000005
-0.8500000000000005
-1.25
-1.25
-0.40000000000000036
-1.3000000000000007
-2.5
-2.0500000000000007
-0.8500000000000005
