-6.45
-6.45
-6.85
-5.85
-6.0
-6.0
-5.85
-5.95
-5.85
-5.85
-5.55
-5.6
-5.25
-5.25
-5.55
-5.6
-5.6
-5.3
-5.4
-5.55
-5.5
-5.4
-5.5
-5.6
-6.0
-6.45
-6.45
-6.0
-6.45
-6.85
-6.85
-6.85
-6.85
-6.85
-6.9
-7.2
-7.2
-7.0
-7.65
-8.05
-8.05
-8.05
-8.3
-8.6
-9.05
-8.6
-8.8
-9.1
-9.85
-9.85
-10.0
-9.95
-10.0
-10.35
-10.65
-10.85
-11.0
-11.55
-11.6
-11.6
-12.25
-12.85
-13.25
-13.4
-13.6
-14.45
-14.45
-14.5
-15.6
-15.6
-16.05
-16.4
-16.75
-16.75
-17.65
-18.05
-18.05
-18.65
-18.75
-19.25
-20.0
-19.65
-21.25
-21.25
-21.85
-21.25
-21.25
-21.25
-21.85
-22.8
-24.05
-24.25
-23.7
-23.2
-22.75
-22.45
-22.0
-21.85
-21.45
-21.55
-21.55
-21.25
-19.8
-19.25
-19.65
-19.25
-18.8
-18.65
-18.65
-18.05
-16.4
-16.4
-15.6
-15.6
-14.8
-14.8
-14.45
-14.8
-14.45
-13.6
-13.4
-12.85
-11.6
-11.6
-11.25
-10.4
-10.0
-9.65
-9.2
-9.2
-9.85
-9.15
-8.8
-8.8
-8.6
-8.45
-8.55
-9.05
-8.25
-8.05
-7.7
-7.1
-7.65
-7.2
-7.0
-7.15
-6.85
-6.9
-6.85
-6.85
-6.45
-6.85
-6.45
-6.45
-6.45
-6.45
-6.45
-6.45
-6.45
-5.85
-6.0
-5.6
-6.0
-6.0
-6.45
-6.45
-6.0
-6.45
-6.0
-6.0
-6.45
-6.0
-7.0
-6.85
-6.9
-6.95
-6.85
-6.85
-7.2
-7.0
-7.0
-7.2
-7.65
-7.65
-7.65
-7.65
-7.65
-7.65
-7.65
-7.2
-7.2
-8.05
-8.05
-7.65
-8.05
-7.2
-7.0
-7.65
-8.05
-7.65
-7.65
-8.05
-8.05
-8.05
-7.7
-8.1
-8.25
-8.8
-8.8
-8.8
-9.2
-9.65
-10.0
-9.65
-10.0
-10.0
-9.65
-9.7
-10.0
-10.0
-10.0
-10.4
-10.85
-11.25
-11.25
-11.45
-11.6
-12.4
-12.4
-12.4
-13.25
-13.5
-14.1
-14.1
-14.45
-14.65
-14.8
-15.6
-16.15
-16.4
-17.25
-18.05
-18.05
-18.2
-18.8
-19.65
-19.95
-21.25
-21.25
-21.25
-22.8
-23.65
-24.4
-24.4
-28.0
-26.4
-27.8
-29.15
-30.0
-30.0
-30.0
-30.0
-30.0
-30.0
-28.2
-30.0
-30.0
-30.0
-30.0
-28.0
-30.0
-28.0
-29.05
-23.45
-24.25
-25.15
-25.05
-24.05
-23.2
-21.85
-21.25
-21.25
-19.95
-19.65
-19.25
-18.4
-18.65
-18.5
-18.05
-18.05
-16.8
-16.4
-16.35
-16.05
-16.3
-16.1
-15.6
-14.8
-14.45
-14.45
-14.05
-14.05
-13.85
-14.45
-14.05
-13.3
-13.25
-12.85
-13.25
-12.35
-12.4
-11.6
-11.6
-11.6
-11.6
-11.3
-11.45
-11.25
-11.25
-11.25
-11.25
-11.25
-10.85
-10.65
-10.0
-9.95
-9.7
-9.65
-9.65
-9.15
-9.05
-8.45
-8.4
-8.25
-8.05
-7.65
-7.65
-7.2
-7.15
-7.0
-7.0
-6.9
-6.85
-6.85
-6.85
-6.45
-6.45
-6.45
-6.85
-6.85
-6.45
-6.45
-6.0
-6.0
-6.0
-5.85
-5.85
-5.85
-5.95
-5.85
